[[[23 14 29]
  [32 17 37]
  [17 13 30]
  ...
  [78 32 58]
  [44 22 46]
  [13 14 31]]

 [[13 13 25]
  [18 14 31]
  [24 15 36]
  ...
  [66 31 57]
  [31 19 42]
  [17 14 33]]

 [[39 18 39]
  [24 14 35]
  [32 16 40]
  ...
  [49 26 53]
  [20 17 40]
  [23 17 39]]

 ...

 [[ 5  5  5]
  [ 4  4  3]
  [ 4  4  4]
  ...
  [ 4  4  4]
  [ 4  4  4]
  [ 3  3  3]]

 [[ 4  4  3]
  [ 4  4  4]
  [ 4  4  4]
  ...
  [ 4  4  4]
  [ 4  4  4]
  [ 4  4  4]]

 [[ 4  4  4]
  [ 4  4  4]
  [ 4  4  4]
  ...
  [ 4  4  4]
  [ 4  4  4]
  [ 4  4  4]]]

Process finished with exit code 0
